ll_loss = 276620.5133631832
free_energy = 277121.75692382286
